function sr_info = SR_unc_info_struct()
%% General Infos
	sr_info = struct();
	sr_info.Name = 'SR_unc';
	sr_info.nk = 7;
	sr_info.n = 6;
	sr_info.N = 12;

	sr_info.A = cell(1, 2);
	sr_info.M = cell(1, 2);
	sr_info.P = cell(1, 2);
	sr_info.jnt_idx = [1 2 3 4 5 6 -1 ];
	sr_info.RFunc = 'RFunc_SR_unc_mex';
	sr_info.BodyNames = {'Body1' 'Body2' 'Body3' 'Body4' 'Body5' 'Body6' 'endeffector' };

 %% A
	sr_info.A{1} = [...
		1.000000 0.000000 0.000000 -0.000000 1.000000 -0.000000 
		0.000000 1.000000 0.000000 -1.000000 -0.000000 0.000000 
		0.000000 0.000000 1.000000 0.000000 -0.000000 -0.000000 
		0.000000 0.000000 0.000000 1.000000 0.000000 0.000000 
		0.000000 0.000000 0.000000 0.000000 1.000000 0.000000 
		0.000000 0.000000 0.000000 0.000000 0.000000 1.000000 
	];

	sr_info.A{2} = zeros(6, 6, sr_info.nk);
	sr_info.A{2}(:, :, 1) = [...
		1.000000 0.000000 0.000000 -0.000000 0.000000 -0.000000 
		0.000000 1.000000 0.000000 -0.000000 -0.000000 0.000000 
		0.000000 0.000000 1.000000 0.000000 -0.000000 -0.000000 
		0.000000 0.000000 0.000000 1.000000 0.000000 0.000000 
		0.000000 0.000000 0.000000 0.000000 1.000000 0.000000 
		0.000000 0.000000 0.000000 0.000000 0.000000 1.000000 
	];
	sr_info.A{2}(:, :, 2) = [...
		1.000000 0.000000 0.000000 -0.000000 0.060000 -0.000000 
		0.000000 1.000000 0.000000 -0.060000 -0.000000 0.100000 
		0.000000 0.000000 1.000000 0.000000 -0.100000 -0.000000 
		0.000000 0.000000 0.000000 1.000000 0.000000 0.000000 
		0.000000 0.000000 0.000000 0.000000 1.000000 0.000000 
		0.000000 0.000000 0.000000 0.000000 0.000000 1.000000 
	];
	sr_info.A{2}(:, :, 3) = [...
		1.000000 0.000000 0.000000 -0.000000 0.100000 -0.000000 
		0.000000 1.000000 0.000000 -0.100000 -0.000000 2.610000 
		0.000000 0.000000 1.000000 0.000000 -2.610000 -0.000000 
		0.000000 0.000000 0.000000 1.000000 0.000000 0.000000 
		0.000000 0.000000 0.000000 0.000000 1.000000 0.000000 
		0.000000 0.000000 0.000000 0.000000 0.000000 1.000000 
	];
	sr_info.A{2}(:, :, 4) = [...
		1.000000 0.000000 0.000000 -0.000000 0.100000 -0.000000 
		0.000000 1.000000 0.000000 -0.100000 -0.000000 2.610000 
		0.000000 0.000000 1.000000 0.000000 -2.610000 -0.000000 
		0.000000 0.000000 0.000000 1.000000 0.000000 0.000000 
		0.000000 0.000000 0.000000 0.000000 1.000000 0.000000 
		0.000000 0.000000 0.000000 0.000000 0.000000 1.000000 
	];
	sr_info.A{2}(:, :, 5) = [...
		1.000000 0.000000 0.000000 -0.000000 0.100000 -0.000000 
		0.000000 1.000000 0.000000 -0.100000 -0.000000 0.100000 
		0.000000 0.000000 1.000000 0.000000 -0.100000 -0.000000 
		0.000000 0.000000 0.000000 1.000000 0.000000 0.000000 
		0.000000 0.000000 0.000000 0.000000 1.000000 0.000000 
		0.000000 0.000000 0.000000 0.000000 0.000000 1.000000 
	];
	sr_info.A{2}(:, :, 6) = [...
		1.000000 0.000000 0.000000 -0.000000 0.140000 -0.100000 
		0.000000 1.000000 0.000000 -0.140000 -0.000000 0.000000 
		0.000000 0.000000 1.000000 0.100000 -0.000000 -0.000000 
		0.000000 0.000000 0.000000 1.000000 0.000000 0.000000 
		0.000000 0.000000 0.000000 0.000000 1.000000 0.000000 
		0.000000 0.000000 0.000000 0.000000 0.000000 1.000000 
	];
	sr_info.A{2}(:, :, 7) = [...
		1.000000 0.000000 0.000000 -0.000000 0.500000 -0.000000 
		0.000000 1.000000 0.000000 -0.500000 -0.000000 0.000000 
		0.000000 0.000000 1.000000 0.000000 -0.000000 -0.000000 
		0.000000 0.000000 0.000000 1.000000 0.000000 0.000000 
		0.000000 0.000000 0.000000 0.000000 1.000000 0.000000 
		0.000000 0.000000 0.000000 0.000000 0.000000 1.000000 
	];

 %% M
	sr_info.M{1} = [...
		160.000000 0.000000 0.000000 0.000000 0.000000 0.000000 
		0.000000 160.000000 0.000000 0.000000 0.000000 0.000000 
		0.000000 0.000000 160.000000 0.000000 0.000000 0.000000 
		0.000000 0.000000 0.000000 50.000000 0.000000 0.000000 
		0.000000 0.000000 0.000000 0.000000 50.000000 0.000000 
		0.000000 0.000000 0.000000 0.000000 0.000000 50.000000 
	];

	sr_info.M{2} = zeros(6, 6, sr_info.nk);
	sr_info.M{2}(:, :, 1) = [...
		0.360000 0.000000 0.000000 -0.000000 0.021600 -0.000000 
		0.000000 0.360000 0.000000 -0.021600 -0.000000 0.018000 
		0.000000 0.000000 0.360000 0.000000 -0.018000 -0.000000 
		-0.000000 -0.021600 0.000000 0.821296 0.000000 -0.001080 
		0.021600 -0.000000 -0.018000 0.000000 1.002196 0.000000 
		-0.000000 0.018000 -0.000000 -0.001080 0.000000 0.820900 
	];
	sr_info.M{2}(:, :, 2) = [...
		9.200000 0.000000 0.000000 -0.000000 0.920000 -0.000000 
		0.000000 9.200000 0.000000 -0.920000 -0.000000 12.006000 
		0.000000 0.000000 9.200000 0.000000 -12.006000 -0.000000 
		-0.000000 -0.920000 0.000000 0.122000 0.000000 -1.200600 
		0.920000 -0.000000 -12.006000 0.000000 20.999830 0.000000 
		-0.000000 12.006000 -0.000000 -1.200600 0.000000 20.907830 
	];
	sr_info.M{2}(:, :, 3) = [...
		9.200000 0.000000 0.000000 -0.000000 0.920000 -0.000000 
		0.000000 9.200000 0.000000 -0.920000 -0.000000 12.006000 
		0.000000 0.000000 9.200000 0.000000 -12.006000 -0.000000 
		-0.000000 -0.920000 0.000000 0.122000 0.000000 -1.200600 
		0.920000 -0.000000 -12.006000 0.000000 20.999830 0.000000 
		-0.000000 12.006000 -0.000000 -1.200600 0.000000 20.907830 
	];
	sr_info.M{2}(:, :, 4) = [...
		0.360000 0.000000 0.000000 -0.000000 0.036000 -0.000000 
		0.000000 0.360000 0.000000 -0.036000 -0.000000 0.018000 
		0.000000 0.000000 0.360000 0.000000 -0.018000 -0.000000 
		-0.000000 -0.036000 0.000000 1.003600 0.000000 -0.001800 
		0.036000 -0.000000 -0.018000 0.000000 0.824500 0.000000 
		-0.000000 0.018000 -0.000000 -0.001800 0.000000 0.820900 
	];
	sr_info.M{2}(:, :, 5) = [...
		0.360000 0.000000 0.000000 -0.000000 0.050400 -0.018000 
		0.000000 0.360000 0.000000 -0.050400 -0.000000 0.000000 
		0.000000 0.000000 0.360000 0.018000 -0.000000 -0.000000 
		-0.000000 -0.050400 0.018000 0.827956 0.000000 0.000000 
		0.050400 -0.000000 -0.000000 0.000000 0.827056 -0.002520 
		-0.018000 0.000000 -0.000000 0.000000 -0.002520 1.000900 
	];
	sr_info.M{2}(:, :, 6) = [...
		1.780000 0.000000 0.000000 -0.000000 0.445000 -0.000000 
		0.000000 1.780000 0.000000 -0.445000 -0.000000 0.000000 
		0.000000 0.000000 1.780000 0.000000 -0.000000 -0.000000 
		-0.000000 -0.445000 0.000000 0.151250 0.000000 0.000000 
		0.445000 -0.000000 -0.000000 0.000000 0.151250 0.000000 
		-0.000000 0.000000 -0.000000 0.000000 0.000000 0.010000 
	];
	sr_info.M{2}(:, :, 7) = [...
		5.000000 0.000000 0.000000 -0.000000 0.000000 -0.000000 
		0.000000 5.000000 0.000000 -0.000000 -0.000000 0.000000 
		0.000000 0.000000 5.000000 0.000000 -0.000000 -0.000000 
		-0.000000 -0.000000 0.000000 0.000000 0.000000 0.000000 
		0.000000 -0.000000 -0.000000 0.000000 0.000000 0.000000 
		-0.000000 0.000000 -0.000000 0.000000 0.000000 0.000000 
	];

 %% P
	sr_info.P{1} = [...
		1.000000 0.000000 0.000000 0.000000 0.000000 0.000000 
		0.000000 1.000000 0.000000 0.000000 0.000000 0.000000 
		0.000000 0.000000 1.000000 0.000000 0.000000 0.000000 
		0.000000 0.000000 0.000000 1.000000 0.000000 0.000000 
		0.000000 0.000000 0.000000 0.000000 1.000000 0.000000 
		0.000000 0.000000 0.000000 0.000000 0.000000 1.000000 
	];

	sr_info.P{2} = zeros(6, 1, sr_info.nk);
	sr_info.P{2}(:, :, 1) = [...
		0.000000 
		0.000000 
		0.000000 
		0.000000 
		0.000000 
		1.000000 
	];
	sr_info.P{2}(:, :, 2) = [...
		0.000000 
		0.000000 
		0.000000 
		0.000000 
		0.000000 
		1.000000 
	];
	sr_info.P{2}(:, :, 3) = [...
		0.000000 
		0.000000 
		0.000000 
		0.000000 
		0.000000 
		1.000000 
	];
	sr_info.P{2}(:, :, 4) = [...
		0.000000 
		0.000000 
		0.000000 
		0.000000 
		0.000000 
		1.000000 
	];
	sr_info.P{2}(:, :, 5) = [...
		0.000000 
		0.000000 
		0.000000 
		0.000000 
		0.000000 
		1.000000 
	];
	sr_info.P{2}(:, :, 6) = [...
		0.000000 
		0.000000 
		0.000000 
		0.000000 
		0.000000 
		1.000000 
	];
	sr_info.P{2}(:, :, 7) = [...
		0.000000 
		0.000000 
		0.000000 
		0.000000 
		0.000000 
		1.000000 
	];
end