function sr_info = SR3_info_struct()
%% General Infos
	sr_info = struct();
	sr_info.Name = 'SR3';
	sr_info.nk = 4;
	sr_info.n = 3;
	sr_info.N = 9;

	sr_info.A = cell(1, 2);
	sr_info.M = cell(1, 2);
	sr_info.P = cell(1, 2);
	sr_info.jnt_idx = [1 2 3 -1 ];
	sr_info.RFunc = 'RFunc_SR3_mex';
	sr_info.BodyNames = {'Body1' 'Body2' 'Body3' 'endeffector' };

 %% A
	sr_info.A{1} = [...
		1.000000 0.000000 0.000000 -0.000000 0.000000 -0.000000 
		0.000000 1.000000 0.000000 -0.000000 -0.000000 0.500000 
		0.000000 0.000000 1.000000 0.000000 -0.500000 -0.000000 
		0.000000 0.000000 0.000000 1.000000 0.000000 0.000000 
		0.000000 0.000000 0.000000 0.000000 1.000000 0.000000 
		0.000000 0.000000 0.000000 0.000000 0.000000 1.000000 
	];

	sr_info.A{2} = zeros(6, 6, sr_info.nk);
	sr_info.A{2}(:, :, 1) = [...
		1.000000 0.000000 0.000000 -0.000000 0.000000 -0.000000 
		0.000000 1.000000 0.000000 -0.000000 -0.000000 0.000000 
		0.000000 0.000000 1.000000 0.000000 -0.000000 -0.000000 
		0.000000 0.000000 0.000000 1.000000 0.000000 0.000000 
		0.000000 0.000000 0.000000 0.000000 1.000000 0.000000 
		0.000000 0.000000 0.000000 0.000000 0.000000 1.000000 
	];
	sr_info.A{2}(:, :, 2) = [...
		1.000000 0.000000 0.000000 -0.000000 0.000000 -0.000000 
		0.000000 1.000000 0.000000 -0.000000 -0.000000 1.000000 
		0.000000 0.000000 1.000000 0.000000 -1.000000 -0.000000 
		0.000000 0.000000 0.000000 1.000000 0.000000 0.000000 
		0.000000 0.000000 0.000000 0.000000 1.000000 0.000000 
		0.000000 0.000000 0.000000 0.000000 0.000000 1.000000 
	];
	sr_info.A{2}(:, :, 3) = [...
		1.000000 0.000000 0.000000 -0.000000 0.000000 -0.000000 
		0.000000 1.000000 0.000000 -0.000000 -0.000000 0.500000 
		0.000000 0.000000 1.000000 0.000000 -0.500000 -0.000000 
		0.000000 0.000000 0.000000 1.000000 0.000000 0.000000 
		0.000000 0.000000 0.000000 0.000000 1.000000 0.000000 
		0.000000 0.000000 0.000000 0.000000 0.000000 1.000000 
	];
	sr_info.A{2}(:, :, 4) = [...
		1.000000 0.000000 0.000000 -0.000000 0.000000 -0.000000 
		0.000000 1.000000 0.000000 -0.000000 -0.000000 0.500000 
		0.000000 0.000000 1.000000 0.000000 -0.500000 -0.000000 
		0.000000 0.000000 0.000000 1.000000 0.000000 0.000000 
		0.000000 0.000000 0.000000 0.000000 1.000000 0.000000 
		0.000000 0.000000 0.000000 0.000000 0.000000 1.000000 
	];

 %% M
	sr_info.M{1} = [...
		10.000000 0.000000 0.000000 0.000000 0.000000 0.000000 
		0.000000 10.000000 0.000000 0.000000 0.000000 0.000000 
		0.000000 0.000000 10.000000 0.000000 0.000000 0.000000 
		0.000000 0.000000 0.000000 9.300000 0.000000 0.000000 
		0.000000 0.000000 0.000000 0.000000 9.300000 0.000000 
		0.000000 0.000000 0.000000 0.000000 0.000000 9.300000 
	];

	sr_info.M{2} = zeros(6, 6, sr_info.nk);
	sr_info.M{2}(:, :, 1) = [...
		5.000000 0.000000 0.000000 -0.000000 0.000000 -0.000000 
		0.000000 5.000000 0.000000 -0.000000 -0.000000 2.500000 
		0.000000 0.000000 5.000000 0.000000 -2.500000 -0.000000 
		-0.000000 -0.000000 0.000000 0.500000 0.000000 0.000000 
		0.000000 -0.000000 -2.500000 0.000000 1.750000 0.000000 
		-0.000000 2.500000 -0.000000 0.000000 0.000000 1.750000 
	];
	sr_info.M{2}(:, :, 2) = [...
		2.500000 0.000000 0.000000 -0.000000 0.000000 -0.000000 
		0.000000 2.500000 0.000000 -0.000000 -0.000000 0.625000 
		0.000000 0.000000 2.500000 0.000000 -0.625000 -0.000000 
		-0.000000 -0.000000 0.000000 0.100000 0.000000 0.000000 
		0.000000 -0.000000 -0.625000 0.000000 0.256250 0.000000 
		-0.000000 0.625000 -0.000000 0.000000 0.000000 0.256250 
	];
	sr_info.M{2}(:, :, 3) = [...
		2.500000 0.000000 0.000000 -0.000000 0.000000 -0.000000 
		0.000000 2.500000 0.000000 -0.000000 -0.000000 0.625000 
		0.000000 0.000000 2.500000 0.000000 -0.625000 -0.000000 
		-0.000000 -0.000000 0.000000 0.100000 0.000000 0.000000 
		0.000000 -0.000000 -0.625000 0.000000 0.256250 0.000000 
		-0.000000 0.625000 -0.000000 0.000000 0.000000 0.256250 
	];
	sr_info.M{2}(:, :, 4) = [...
		1.000000 0.000000 0.000000 -0.000000 0.000000 -0.000000 
		0.000000 1.000000 0.000000 -0.000000 -0.000000 0.000000 
		0.000000 0.000000 1.000000 0.000000 -0.000000 -0.000000 
		-0.000000 -0.000000 0.000000 0.010000 0.000000 0.000000 
		0.000000 -0.000000 -0.000000 0.000000 0.010000 0.000000 
		-0.000000 0.000000 -0.000000 0.000000 0.000000 0.010000 
	];

 %% P
	sr_info.P{1} = [...
		1.000000 0.000000 0.000000 0.000000 0.000000 0.000000 
		0.000000 1.000000 0.000000 0.000000 0.000000 0.000000 
		0.000000 0.000000 1.000000 0.000000 0.000000 0.000000 
		0.000000 0.000000 0.000000 1.000000 0.000000 0.000000 
		0.000000 0.000000 0.000000 0.000000 1.000000 0.000000 
		0.000000 0.000000 0.000000 0.000000 0.000000 1.000000 
	];

	sr_info.P{2} = zeros(6, 1, sr_info.nk);
	sr_info.P{2}(:, :, 1) = [...
		0.000000 
		0.000000 
		0.000000 
		0.000000 
		0.000000 
		1.000000 
	];
	sr_info.P{2}(:, :, 2) = [...
		0.000000 
		0.000000 
		0.000000 
		0.000000 
		0.000000 
		1.000000 
	];
	sr_info.P{2}(:, :, 3) = [...
		0.000000 
		0.000000 
		0.000000 
		0.000000 
		0.000000 
		1.000000 
	];
	sr_info.P{2}(:, :, 4) = [...
		0.000000 
		0.000000 
		0.000000 
		0.000000 
		0.000000 
		1.000000 
	];
end